2011-04-12 2.1 95.75 37.69 10
2011-04-12 3.0 95.74 37.70 10
2011-04-12 3.6 95.74 37.69 10
2011-03-14 2.2 94.70 38.11 10
2011-03-14 2.3 97.17 36.89 10
2011-02-08 2.5 94.50 36.51 10
2011-02-01 2.7 95.98 37.56 10
2011-01-05 2.2 94.74 38.13 10
2011-01-05 2.6 94.72 38.11 10
2010-12-24 2.5 95.87 37.69 10
2010-11-11 2.1 95.79 37.59 10
2010-10-12 2.2 95.88 37.59 10
2010-09-26 2.9 95.78 37.71 10
2010-08-19 2.6 95.61 37.69 8
2010-08-15 2.1 94.51 37.62 10
2010-08-01 2.1 96.59 37.55 6
2010-07-07 2.5 94.52 38.38 17
2010-07-03 2.4 96.08 37.48 7
2010-06-12 2.3 95.74 37.68 10
2010-06-11 3.7 95.96 37.65 10
2010-06-11 3.4 95.96 37.65 10
2010-06-07 2.5 94.57 37.59 10
2010-05-30 3.2 95.78 37.09 10
2010-05-30 3.2 95.78 37.10 10
2010-04-30 2.1 96.75 38.18 10
2010-04-30 2.0 96.79 38.22 9
2010-04-20 3.7 95.74 37.70 10
2010-04-20 4.0 95.74 37.69 10
2010-04-09 3.4 95.78 37.56 10
2010-04-09 3.1 95.78 37.56 10
2010-04-09 4.1 95.78 37.56 17
2010-04-09 3.8 95.78 37.57 18
2010-02-20 2.7 95.61 37.70 10
2010-02-16 2.5 95.60 37.69 10
2010-02-08 2.2 95.65 37.67 6
2010-01-26 2.8 95.69 37.65 6
2010-01-12 2.4 95.88 37.57 10
2010-01-02 3.3 95.76 37.73 8
2010-01-02 3.0 95.77 37.74 9
2010-01-02 2.2 95.92 37.65 12
2009-12-21 4.9 96.66 37.57 6
2009-12-21 5.0 96.65 37.57 6
2009-12-17 2.7 95.75 37.70 10
2009-12-16 2.5 96.52 37.43 5
2009-12-13 2.4 95.81 37.67 10
2009-12-13 2.1 95.63 37.67 10
2009-12-08 2.1 95.72 37.59 10
2009-12-03 2.8 95.78 37.69 9
2009-11-30 2.0 95.89 37.67 7
2009-11-26 2.1 95.71 37.58 9
2009-11-12 2.2 95.90 37.65 8
2009-11-12 2.9 95.93 37.61 8
2009-11-12 3.3 95.92 37.61 8
2009-11-05 2.1 95.81 37.66 7
2009-11-05 5.3 95.77 37.59 5
2009-11-05 4.9 95.77 37.60 6
2009-11-04 2.3 95.81 37.57 9
2009-11-04 3.4 95.79 37.58 7
2009-11-04 3.5 95.80 37.59 7
2009-11-03 2.3 95.80 37.67 10
2009-11-03 3.3 95.74 37.66 5
2009-11-03 3.0 95.75 37.67 6
2009-10-30 2.6 95.61 37.66 6
2009-10-24 2.1 95.79 37.68 11
2009-10-18 2.5 95.81 37.65 7
2009-10-15 2.1 95.69 37.80 4
2009-10-13 2.6 95.90 37.56 6
2009-10-06 2.0 95.87 37.61 6
2009-10-04 2.1 95.61 37.65 11
2009-10-03 2.3 95.69 37.64 9
2009-10-03 2.8 97.32 38.47 5
2009-10-03 2.6 97.30 38.45 7
2009-09-30 3.6 95.80 37.58 6
2009-09-30 3.6 95.81 37.58 6
2009-09-30 2.3 95.80 37.67 8
2009-09-29 2.8 94.53 37.42 7
2009-09-29 2.8 95.71 37.71 15
2009-09-29 2.9 95.72 37.71 7
2009-09-27 2.5 95.93 37.64 9
2009-09-24 3.3 95.74 37.82 5
2009-09-24 3.5 95.73 37.82 5
2009-09-24 2.8 95.72 37.62 7
2009-09-23 3.7 95.71 37.67 6
2009-09-23 3.3 95.72 37.68 6
2009-09-23 2.7 95.66 37.65 7
2009-09-22 2.0 95.75 37.61 7
2009-09-21 2.4 95.94 37.62 7
2009-09-20 2.7 95.69 37.73 8
2009-09-20 2.7 96.20 37.82 7
2009-09-19 2.3 95.61 37.66 7
2009-09-19 2.2 95.65 37.65 10
2009-09-19 3.7 94.56 37.41 15
2009-09-19 3.3 94.56 37.41 4
2009-09-19 2.0 95.76 37.66 7
2009-09-18 2.7 95.77 37.73 8
2009-09-18 2.1 95.83 37.68 7
2009-09-18 2.3 95.62 37.67 7
2009-09-18 2.0 95.82 37.76 7
2009-09-18 3.8 95.55 37.30 10
2009-09-18 3.1 95.75 37.68 7
2009-09-18 2.1 95.73 37.67 8
2009-09-18 2.2 95.71 37.67 4
2009-09-18 2.2 95.71 37.66 9
2009-09-18 5.0 95.68 37.68 7
2009-09-18 4.9 95.69 37.69 7
2009-09-18 2.1 95.33 37.67 9
2009-09-18 4.9 95.66 37.66 6
2009-09-18 4.5 95.66 37.67 6
2009-09-18 2.6 95.77 37.65 9
2009-09-18 2.9 95.65 37.66 7
2009-09-18 2.5 95.62 37.66 6
2009-09-18 2.7 95.42 37.56 9
2009-09-18 4.7 95.66 37.67 8
2009-09-18 4.4 95.67 37.68 8
2009-09-18 2.3 95.65 37.70 5
2009-09-18 2.4 95.63 37.67 7
2009-09-17 4.6 96.03 37.58 10
2009-09-17 2.4 95.98 37.65 7
2009-09-16 2.7 95.78 37.58 13
2009-09-15 3.5 95.73 37.62 8
2009-09-15 3.4 95.73 37.63 8
2009-09-14 2.4 95.81 37.64 6
2009-09-13 2.1 95.57 37.68 7
2009-09-12 2.9 95.63 37.70 9
2009-09-12 2.1 95.54 37.63 5
2009-09-12 2.7 95.79 37.73 7
2009-09-11 2.2 95.70 37.69 7
2009-09-10 2.6 95.80 37.67 9
2009-09-10 2.3 95.66 37.68 5
2009-09-10 2.8 95.73 37.75 6
2009-09-10 2.4 95.86 37.67 9
2009-09-10 2.2 96.07 37.64 7
2009-09-10 4.7 95.84 37.51 7
2009-09-10 4.7 95.85 37.51 7
2009-09-09 3.7 95.63 37.71 7
2009-09-09 3.5 95.64 37.71 7
2009-09-09 2.5 95.76 37.62 12
2009-09-08 2.0 95.74 37.71 8
2009-09-07 2.4 95.71 37.62 6
2009-09-06 2.7 95.72 37.76 7
2009-09-06 2.1 95.67 37.57 8
2009-09-05 4.2 95.80 37.67 9
2009-09-05 3.9 95.80 37.67 9
2009-09-05 2.6 95.79 37.59 9
2009-09-05 2.5 95.81 37.59 7
2009-09-05 2.1 95.64 37.67 7
2009-09-05 3.3 95.65 37.65 8
2009-09-05 3.2 95.66 37.65 8
2009-09-04 3.3 95.64 37.68 7
2009-09-04 3.6 95.64 37.68 7
2009-09-04 2.1 95.71 37.68 7
2009-09-04 3.6 95.95 37.67 9
2009-09-04 3.9 95.95 37.66 9
2009-09-04 4.2 95.83 37.63 8
2009-09-04 4.1 95.84 37.64 8
2009-09-04 2.3 95.97 37.62 8
2009-09-03 2.0 95.87 37.69 9
2009-09-03 2.1 95.69 37.70 11
2009-09-03 3.2 95.68 37.70 6
2009-09-03 3.2 95.69 37.70 6
2009-09-03 2.4 96.07 37.73 7
2009-09-03 2.5 96.02 37.64 9
2009-09-03 2.3 96.13 37.65 9
2009-09-03 2.8 95.57 37.68 10
2009-09-03 3.3 95.82 37.64 8
2009-09-03 3.0 95.82 37.64 8
2009-09-03 3.5 95.87 37.56 7
2009-09-03 3.0 95.88 37.57 7
2009-09-03 2.0 95.96 37.62 7
2009-09-03 2.3 95.65 37.67 7
2009-09-02 2.8 95.64 37.67 8
2009-09-02 3.7 95.65 37.68 10
2009-09-02 3.3 95.66 37.68 7
2009-09-02 2.4 95.60 37.66 9
2009-09-02 2.1 95.67 37.73 9
2009-09-02 2.3 95.90 37.63 8
2009-09-02 4.1 95.67 37.68 10
2009-09-02 3.9 95.67 37.69 7
2009-09-02 2.3 95.72 37.69 8
2009-09-02 2.5 95.65 37.67 8
2009-09-02 2.1 95.59 37.66 6
2009-09-02 3.4 95.95 37.63 6
2009-09-02 3.0 95.96 37.63 6
2009-09-02 2.4 95.99 37.65 7
2009-09-02 2.9 95.97 37.68 7
2009-09-01 2.7 95.73 37.69 8
2009-09-01 2.1 95.68 37.67 7
2009-09-01 2.0 95.72 37.67 5
2009-09-01 2.0 95.90 37.59 7
2009-09-01 2.6 95.94 37.61 8
2009-09-01 3.8 95.92 37.63 9
2009-09-01 3.2 95.92 37.64 9
2009-09-01 4.2 95.73 37.68 9
2009-09-01 4.0 95.73 37.69 9
2009-09-01 2.1 95.95 37.65 5
2009-09-01 2.1 95.65 37.70 4
2009-09-01 2.2 95.95 37.62 7
2009-09-01 2.0 95.63 37.67 8
2009-09-01 2.2 95.64 37.68 6
2009-09-01 2.3 95.91 37.62 6
2009-09-01 2.6 95.88 37.65 7
2009-09-01 2.5 95.94 37.63 8
2009-09-01 2.6 95.77 37.69 7
2009-09-01 2.5 95.95 37.63 7
2009-09-01 2.7 96.04 37.63 5
2009-09-01 3.6 95.84 37.61 9
2009-09-01 3.1 95.85 37.62 9
2009-09-01 4.0 95.97 37.71 7
2009-09-01 4.5 95.97 37.70 7
2009-09-01 2.3 95.95 37.59 8
2009-09-01 2.1 96.07 37.92 6
2009-09-01 2.2 96.14 37.64 9
2009-09-01 2.9 96.34 37.73 6
2009-09-01 2.3 96.00 37.62 2
2009-09-01 4.4 95.92 37.68 6
2009-09-01 4.8 95.92 37.67 6
2009-09-01 2.7 95.94 37.63 7
2009-09-01 5.1 96.05 37.65 8
2009-09-01 3.7 95.91 37.62 6
2009-09-01 2.9 95.91 37.62 6
2009-09-01 2.2 96.11 37.61 5
2009-09-01 3.6 95.93 37.61 5
2009-09-01 3.1 95.93 37.62 5
2009-08-31 2.1 95.92 37.63 7
2009-08-31 2.2 95.94 37.65 7
2009-08-31 2.5 96.29 37.67 6
2009-08-31 4.1 95.93 37.61 7
2009-08-31 3.9 95.93 37.60 6
2009-08-31 2.4 96.01 37.76 7
2009-08-31 2.4 95.73 37.69 8
2009-08-31 2.0 95.92 37.60 7
2009-08-31 2.5 95.79 37.63 5
2009-08-31 2.2 95.91 37.64 7
2009-08-31 2.0 95.98 37.81 12
2009-08-31 2.9 95.93 37.59 5
2009-08-31 3.5 95.93 37.58 4
2009-08-31 3.5 95.67 37.72 8
2009-08-31 3.0 95.67 37.72 8
2009-08-31 2.8 95.93 37.68 9
2009-08-31 3.0 95.94 37.65 6
2009-08-31 3.0 95.95 37.65 7
2009-08-31 2.6 96.12 37.61 11
2009-08-31 3.7 95.91 37.64 9
2009-08-31 4.0 95.90 37.64 8
2009-08-31 5.6 95.99 37.74 7
2009-08-31 6.1 95.98 37.74 7
2009-08-31 2.2 96.46 36.76 6
2009-08-31 2.1 95.93 37.78 7
2009-08-31 2.4 95.56 37.65 7
2009-08-31 2.1 96.14 37.67 8
2009-08-31 3.1 95.70 37.61 6
2009-08-31 3.8 95.69 37.60 5
2009-08-31 2.1 95.85 37.61 7
2009-08-31 2.0 95.85 37.61 5
2009-08-31 2.1 95.76 37.71 8
2009-08-31 3.6 95.71 37.70 10
2009-08-31 3.2 95.71 37.71 8
2009-08-31 2.0 95.67 37.68 7
2009-08-31 2.7 95.63 37.66 8
2009-08-31 2.2 95.71 37.71 7
2009-08-31 2.0 95.62 37.67 10
2009-08-31 2.5 95.62 37.62 7
2009-08-31 2.1 95.71 37.68 8
2009-08-31 2.5 95.64 37.66 9
2009-08-31 2.6 95.61 37.65 8
2009-08-31 2.4 95.60 37.66 9
2009-08-31 2.7 95.61 37.65 9
2009-08-31 2.8 95.68 37.65 2
2009-08-31 2.8 95.65 37.64 6
2009-08-31 2.2 95.75 37.71 7
2009-08-31 2.6 95.64 37.68 5
2009-08-31 2.4 95.95 37.71 7
2009-08-31 5.0 95.64 37.70 7
2009-08-31 5.3 95.65 37.85 10
2009-08-31 4.3 95.61 37.64 10
2009-08-31 4.0 95.61 37.64 7
2009-08-31 2.1 95.76 37.63 7
2009-08-30 2.8 95.84 37.64 7
2009-08-30 2.1 95.84 37.64 7
2009-08-30 3.8 95.78 37.72 13
2009-08-30 3.5 95.78 37.72 6
2009-08-30 2.2 95.76 37.67 8
2009-08-30 2.4 95.65 37.66 9
2009-08-30 3.3 95.75 37.66 6
2009-08-30 3.7 95.74 37.66 10
2009-08-30 2.1 95.65 37.68 5
2009-08-30 3.7 95.79 37.65 5
2009-08-30 3.4 95.80 37.66 5
2009-08-30 4.7 95.80 37.67 7
2009-08-30 4.3 95.81 37.68 7
2009-08-30 2.3 95.64 37.68 7
2009-08-29 2.1 95.65 37.69 7
2009-08-29 2.2 95.71 37.62 8
2009-08-29 2.4 95.69 37.64 7
2009-08-29 2.2 95.73 37.67 7
2009-08-29 2.3 95.78 37.65 7
2009-08-29 2.4 95.66 37.66 11
2009-08-29 2.4 95.66 37.66 12
2009-08-29 2.2 95.65 37.65 7
2009-08-29 2.1 95.65 37.67 6
2009-08-29 2.4 95.70 37.70 10
2009-08-29 2.0 95.65 37.64 8
2009-08-29 2.7 95.64 37.66 7
2009-08-29 2.5 95.94 37.76 8
2009-08-29 3.3 95.70 37.73 6
2009-08-29 3.7 95.70 37.73 5
2009-08-29 2.0 95.72 37.65 9
2009-08-29 2.1 95.96 37.73 8
2009-08-29 2.1 95.90 37.76 8
2009-08-29 2.2 96.18 37.76 10
2009-08-29 2.7 95.88 37.63 7
2009-08-29 2.5 96.08 37.73 7
2009-08-29 3.6 95.77 37.75 8
2009-08-29 3.2 95.77 37.76 8
2009-08-29 2.0 95.78 37.71 5
2009-08-29 2.4 96.14 37.77 11
2009-08-29 4.9 95.74 37.64 11
2009-08-29 5.2 95.73 37.63 10
2009-08-28 2.5 96.14 37.78 6
2009-08-28 3.5 95.93 37.65 8
2009-08-28 3.3 95.93 37.65 8
2009-08-28 2.2 95.78 37.65 8
2009-08-28 2.8 95.76 37.73 6
2009-08-28 2.4 96.20 37.75 7
2009-08-28 2.0 95.81 37.74 7
2009-08-28 2.8 95.81 37.76 7
2009-08-28 2.4 96.06 37.70 7
2009-08-28 2.3 95.77 37.62 7
2009-08-28 3.5 95.80 37.70 7
2009-08-28 2.9 95.81 37.70 7
2009-08-28 2.5 95.70 37.68 7
2009-08-28 2.7 95.78 37.70 7
2009-08-28 2.1 95.69 37.77 7
2009-08-28 2.3 95.80 37.68 8
2009-08-28 2.3 95.61 37.67 6
2009-08-28 3.6 95.82 37.75 10
2009-08-28 3.2 95.82 37.75 7
2009-08-28 2.2 96.46 37.59 6
2009-08-28 2.9 95.69 37.75 6
2009-08-28 2.0 95.76 37.68 7
2009-08-28 4.4 95.79 37.67 7
2009-08-28 4.0 95.80 37.67 7
2009-08-28 2.0 95.74 37.73 7
2009-08-28 3.5 95.73 37.65 7
2009-08-28 3.0 95.74 37.65 7
2009-08-28 2.5 95.79 37.75 7
2009-08-28 3.4 95.77 37.63 7
2009-08-28 3.1 95.78 37.63 7
2009-08-28 2.8 95.75 37.65 7
2009-08-28 2.3 95.70 37.63 9
2009-08-28 2.0 95.67 37.64 6
2009-08-28 3.4 95.81 37.65 7
2009-08-28 3.1 95.62 37.66 7
2009-08-28 3.2 95.82 37.65 8
2009-08-28 2.2 95.80 37.75 10
2009-08-28 3.4 95.63 37.74 7
2009-08-28 3.2 95.63 37.75 7
2009-08-28 2.5 95.97 37.71 9
2009-08-28 3.8 95.64 37.74 7
2009-08-28 3.7 95.65 37.75 8
2009-08-28 2.7 95.67 37.69 7
2009-08-28 2.3 96.07 37.76 10
2009-08-28 3.5 95.70 37.66 7
2009-08-28 3.2 95.70 37.67 8
2009-08-28 3.9 95.70 37.71 7
2009-08-28 3.9 95.70 37.71 7
2009-08-28 2.6 95.66 37.66 4
2009-08-28 2.2 95.79 37.68 9
2009-08-28 2.2 95.73 37.71 6
2009-08-28 2.4 95.98 37.72 7
2009-08-28 4.3 95.80 37.73 7
2009-08-28 4.4 95.79 37.72 7
2009-08-28 2.2 95.64 37.66 8
2009-08-28 3.9 95.70 37.67 9
2009-08-28 3.5 95.70 37.67 10
2009-08-28 2.2 95.99 37.69 9
2009-08-28 2.5 95.65 37.67 7
2009-08-28 2.8 95.85 37.81 9
2009-08-28 2.1 95.89 37.64 11
2009-08-28 2.5 95.69 37.72 4
2009-08-28 2.3 96.01 37.73 8
2009-08-28 2.3 95.71 37.76 7
2009-08-28 3.9 95.82 37.71 7
2009-08-28 3.1 95.83 37.71 7
2009-08-28 2.3 95.67 37.70 9
2009-08-28 2.4 95.66 37.72 9
2009-08-28 2.8 95.69 37.71 10
2009-08-28 2.9 95.73 37.67 8
2009-08-28 2.2 95.77 37.64 8
2009-08-28 2.0 95.75 37.70 9
2009-08-28 2.3 95.72 37.67 5
2009-08-28 2.3 95.72 37.68 7
2009-08-28 4.2 95.78 37.66 6
2009-08-28 3.2 95.78 37.66 6
2009-08-28 2.4 95.65 37.67 8
2009-08-28 3.3 95.69 37.70 6
2009-08-28 3.6 95.77 37.77 7
2009-08-28 3.6 95.78 37.77 7
2009-08-28 2.7 95.69 37.68 10
2009-08-28 2.6 95.73 37.69 7
2009-08-28 5.0 95.84 37.77 7
2009-08-28 4.3 95.84 37.77 7
2009-08-28 5.5 95.84 37.70 6
2009-08-28 5.3 95.85 37.70 6
2009-08-28 2.7 95.73 37.69 10
2009-08-28 2.1 95.89 37.67 10
2009-08-28 2.6 95.69 37.64 13
2009-08-28 2.7 95.66 37.44 7
2009-08-28 2.2 95.62 37.72 6
2009-08-28 3.3 95.80 37.69 8
2009-08-28 2.5 95.66 37.71 6
2009-08-28 2.7 95.76 37.67 7
2009-08-28 2.1 95.58 37.69 4
2009-08-28 2.3 95.60 37.54 7
2009-08-28 2.3 95.48 37.76 14
2009-08-28 3.5 95.53 37.59 6
2009-08-28 3.4 95.77 37.70 6
2009-08-28 4.8 95.81 37.75 9
2009-08-28 6.6 95.90 37.60 10
2009-08-28 6.0 95.91 37.56 6
2009-08-24 2.1 94.53 37.43 8
2009-08-20 2.2 94.53 37.45 8
2009-08-20 2.2 94.52 37.47 8
2009-08-20 2.3 94.59 37.46 7
2009-08-20 3.2 94.55 37.42 7
2009-08-20 2.9 94.56 37.43 7
2009-08-18 2.4 95.80 37.61 8
2009-08-13 2.2 95.82 37.53 8
2009-08-10 2.1 95.57 37.71 9
2009-08-05 2.0 95.78 37.65 7
2009-07-23 2.3 95.83 37.56 11
2009-07-15 2.0 96.51 37.46 8
2009-07-06 3.6 95.84 37.68 7
2009-07-06 3.6 95.83 37.67 7
2009-07-05 2.6 95.78 37.64 6
2009-05-18 2.1 95.86 37.55 8
2009-04-22 2.8 97.12 38.22 7
2009-04-21 2.5 95.90 37.56 8
2009-04-09 2.1 95.69 37.67 7
2009-04-09 2.7 95.53 37.65 8
2009-04-05 2.3 95.90 37.55 8
2009-03-27 2.1 95.85 37.55 7
2009-03-08 3.4 95.98 37.65 9
2009-03-08 3.0 95.93 37.50 6
2009-03-05 3.6 95.88 37.40 9
2009-03-05 2.5 95.89 37.40 5
2009-03-05 2.6 95.83 37.71 10
2009-03-05 2.2 95.93 37.53 7
2009-01-18 2.2 96.06 37.42 11
2009-01-18 2.3 95.87 37.64 9
2009-01-03 2.9 96.74 37.06 7
2009-01-02 2.6 96.10 37.55 18
2009-01-02 2.7 95.78 37.49 8
2008-12-31 2.2 95.88 37.41 10
2008-12-31 2.1 95.86 37.56 8
2008-12-31 2.7 95.85 37.54 8
